        TIME,    TIDE,      OB,   SURGE,    BIAS,     TWL,SURGE90p,  TWL90p,SURGE10p,   TWL10p
202604270600,   1.102,   1.879,   0.700,   0.077,   1.879,   0.700,   1.879,   0.800,   1.979
202604270606,   1.153,9999.000,9999.000,9999.000,9999.000,9999.000,9999.000,9999.000,9999.000
202604270612,   1.205,   1.990,9999.000,9999.000,9999.000,9999.000,9999.000,9999.000,9999.000
202604270618,   1.256,9999.000,9999.000,9999.000,9999.000,9999.000,9999.000,9999.000,9999.000
202604270624,   1.308,   2.049,9999.000,9999.000,9999.000,9999.000,9999.000,9999.000,9999.000
202604270630,   1.359,9999.000,9999.000,9999.000,9999.000,9999.000,9999.000,9999.000,9999.000
202604270636,   1.411,   2.109,9999.000,9999.000,9999.000,9999.000,9999.000,9999.000,9999.000
202604270642,   1.463,9999.000,9999.000,9999.000,9999.000,9999.000,9999.000,9999.000,9999.000
202604270648,   1.514,   2.220,9999.000,9999.000,9999.000,9999.000,9999.000,9999.000,9999.000
202604270654,   1.565,9999.000,9999.000,9999.000,9999.000,9999.000,9999.000,9999.000,9999.000
202604270700,   1.616,   2.299,   0.700,  -0.017,   2.299,   0.700,   2.299,   0.700,   2.299
202604270706,   1.666,   2.338,9999.000,9999.000,9999.000,9999.000,9999.000,9999.000,9999.000
202604270712,   1.715,   2.368,9999.000,9999.000,9999.000,9999.000,9999.000,9999.000,9999.000
202604270718,   1.764,   2.420,9999.000,9999.000,9999.000,9999.000,9999.000,9999.000,9999.000
202604270724,   1.812,   2.469,9999.000,9999.000,9999.000,9999.000,9999.000,9999.000,9999.000
202604270730,   1.858,   2.489,9999.000,9999.000,9999.000,9999.000,9999.000,9999.000,9999.000
202604270736,   1.904,   2.509,9999.000,9999.000,9999.000,9999.000,9999.000,9999.000,9999.000
202604270742,   1.948,   2.528,9999.000,9999.000,9999.000,9999.000,9999.000,9999.000,9999.000
202604270748,   1.990,   2.548,9999.000,9999.000,9999.000,9999.000,9999.000,9999.000,9999.000
202604270754,   2.030,   2.578,9999.000,9999.000,9999.000,9999.000,9999.000,9999.000,9999.000
202604270800,   2.068,   2.610,   0.700,  -0.158,   2.610,   0.600,   2.510,   0.700,   2.610
202604270806,   2.104,   2.640,9999.000,9999.000,9999.000,9999.000,9999.000,9999.000,9999.000
202604270812,   2.137,   2.679,9999.000,9999.000,9999.000,9999.000,9999.000,9999.000,9999.000
202604270818,   2.168,   2.728,9999.000,9999.000,9999.000,9999.000,9999.000,9999.000,9999.000
202604270824,   2.196,   2.768,9999.000,9999.000,9999.000,9999.000,9999.000,9999.000,9999.000
202604270830,   2.221,   2.768,9999.000,9999.000,9999.000,9999.000,9999.000,9999.000,9999.000
202604270836,   2.243,   2.778,9999.000,9999.000,9999.000,9999.000,9999.000,9999.000,9999.000
202604270842,   2.262,   2.787,9999.000,9999.000,9999.000,9999.000,9999.000,9999.000,9999.000
202604270848,   2.278,   2.820,9999.000,9999.000,9999.000,9999.000,9999.000,9999.000,9999.000
202604270854,   2.290,   2.830,9999.000,9999.000,9999.000,9999.000,9999.000,9999.000,9999.000
202604270900,   2.299,   2.820,   0.600,  -0.079,   2.820,   0.600,   2.820,   0.700,   2.920
202604270906,   2.304,   2.820,9999.000,9999.000,9999.000,9999.000,9999.000,9999.000,9999.000
202604270912,   2.306,   2.820,9999.000,9999.000,9999.000,9999.000,9999.000,9999.000,9999.000
202604270918,   2.305,   2.820,9999.000,9999.000,9999.000,9999.000,9999.000,9999.000,9999.000
202604270924,   2.301,   2.787,9999.000,9999.000,9999.000,9999.000,9999.000,9999.000,9999.000
202604270930,   2.293,   2.787,9999.000,9999.000,9999.000,9999.000,9999.000,9999.000,9999.000
202604270936,   2.282,   2.787,9999.000,9999.000,9999.000,9999.000,9999.000,9999.000,9999.000
202604270942,   2.268,   2.797,9999.000,9999.000,9999.000,9999.000,9999.000,9999.000,9999.000
202604270948,   2.250,   2.778,9999.000,9999.000,9999.000,9999.000,9999.000,9999.000,9999.000
202604270954,   2.231,   2.778,9999.000,9999.000,9999.000,9999.000,9999.000,9999.000,9999.000
202604271000,   2.208,   2.778,   0.600,  -0.030,   2.778,   0.600,   2.778,   0.700,   2.878
202604271006,   2.183,   2.768,9999.000,9999.000,9999.000,9999.000,9999.000,9999.000,9999.000
202604271012,   2.155,   2.748,9999.000,9999.000,9999.000,9999.000,9999.000,9999.000,9999.000
202604271018,   2.125,   2.728,9999.000,9999.000,9999.000,9999.000,9999.000,9999.000,9999.000
202604271024,   2.093,   2.699,9999.000,9999.000,9999.000,9999.000,9999.000,9999.000,9999.000
202604271030,   2.059,   2.669,9999.000,9999.000,9999.000,9999.000,9999.000,9999.000,9999.000
202604271036,   2.024,   2.620,9999.000,9999.000,9999.000,9999.000,9999.000,9999.000,9999.000
202604271042,   1.986,   2.568,9999.000,9999.000,9999.000,9999.000,9999.000,9999.000,9999.000
202604271048,   1.948,   2.528,9999.000,9999.000,9999.000,9999.000,9999.000,9999.000,9999.000
202604271054,   1.907,   2.489,9999.000,9999.000,9999.000,9999.000,9999.000,9999.000,9999.000
202604271100,   1.866,   2.440,   0.600,  -0.026,   2.440,   0.600,   2.440,   0.700,   2.540
202604271106,   1.824,   2.410,9999.000,9999.000,9999.000,9999.000,9999.000,9999.000,9999.000
202604271112,   1.780,   2.368,9999.000,9999.000,9999.000,9999.000,9999.000,9999.000,9999.000
202604271118,   1.736,   2.348,9999.000,9999.000,9999.000,9999.000,9999.000,9999.000,9999.000
202604271124,   1.691,   2.309,9999.000,9999.000,9999.000,9999.000,9999.000,9999.000,9999.000
202604271130,   1.645,   2.250,9999.000,9999.000,9999.000,9999.000,9999.000,9999.000,9999.000
202604271136,   1.598,   2.191,9999.000,9999.000,9999.000,9999.000,9999.000,9999.000,9999.000
202604271142,   1.551,   2.138,9999.000,9999.000,9999.000,9999.000,9999.000,9999.000,9999.000
202604271148,   1.504,   2.128,9999.000,9999.000,9999.000,9999.000,9999.000,9999.000,9999.000
202604271154,   1.456,   2.079,9999.000,9999.000,9999.000,9999.000,9999.000,9999.000,9999.000
202604271200,   1.407,   2.020,   0.700,  -0.087,   2.020,   0.700,   2.020,   0.700,   2.020
202604271206,   1.358,   1.958,9999.000,9999.000,9999.000,9999.000,9999.000,9999.000,9999.000
202604271212,   1.309,   1.918,9999.000,9999.000,9999.000,9999.000,9999.000,9999.000,9999.000
202604271218,   1.260,   1.869,9999.000,9999.000,9999.000,9999.000,9999.000,9999.000,9999.000
202604271224,   1.210,   1.830,9999.000,9999.000,9999.000,9999.000,9999.000,9999.000,9999.000
202604271230,   1.160,   1.810,9999.000,9999.000,9999.000,9999.000,9999.000,9999.000,9999.000
202604271236,   1.109,   1.781,9999.000,9999.000,9999.000,9999.000,9999.000,9999.000,9999.000
202604271242,   1.058,   1.738,9999.000,9999.000,9999.000,9999.000,9999.000,9999.000,9999.000
202604271248,   1.007,   1.708,9999.000,9999.000,9999.000,9999.000,9999.000,9999.000,9999.000
202604271254,   0.956,   1.669,9999.000,9999.000,9999.000,9999.000,9999.000,9999.000,9999.000
202604271300,   0.905,   1.649,   0.700,   0.044,   1.649,   0.700,   1.649,   0.700,   1.649
202604271306,   0.853,   1.610,9999.000,9999.000,9999.000,9999.000,9999.000,9999.000,9999.000
202604271312,   0.802,   1.571,9999.000,9999.000,9999.000,9999.000,9999.000,9999.000,9999.000
202604271318,   0.751,   1.528,9999.000,9999.000,9999.000,9999.000,9999.000,9999.000,9999.000
202604271324,   0.699,   1.479,9999.000,9999.000,9999.000,9999.000,9999.000,9999.000,9999.000
202604271330,   0.648,   1.420,9999.000,9999.000,9999.000,9999.000,9999.000,9999.000,9999.000
202604271336,   0.598,   1.390,9999.000,9999.000,9999.000,9999.000,9999.000,9999.000,9999.000
202604271342,   0.547,   1.361,9999.000,9999.000,9999.000,9999.000,9999.000,9999.000,9999.000
202604271348,   0.498,   1.308,9999.000,9999.000,9999.000,9999.000,9999.000,9999.000,9999.000
202604271354,   0.449,   1.269,9999.000,9999.000,9999.000,9999.000,9999.000,9999.000,9999.000
202604271400,   0.401,   1.239,   0.700,   0.138,   1.239,   0.700,   1.239,   0.700,   1.239
202604271406,   0.354,   1.200,9999.000,9999.000,9999.000,9999.000,9999.000,9999.000,9999.000
202604271412,   0.309,   1.170,9999.000,9999.000,9999.000,9999.000,9999.000,9999.000,9999.000
202604271418,   0.265,   1.161,9999.000,9999.000,9999.000,9999.000,9999.000,9999.000,9999.000
202604271424,   0.223,   1.118,9999.000,9999.000,9999.000,9999.000,9999.000,9999.000,9999.000
202604271430,   0.183,   1.088,9999.000,9999.000,9999.000,9999.000,9999.000,9999.000,9999.000
202604271436,   0.145,   1.049,9999.000,9999.000,9999.000,9999.000,9999.000,9999.000,9999.000
202604271442,   0.109,   1.020,9999.000,9999.000,9999.000,9999.000,9999.000,9999.000,9999.000
202604271448,   0.076,   0.990,9999.000,9999.000,9999.000,9999.000,9999.000,9999.000,9999.000
202604271454,   0.045,   0.970,9999.000,9999.000,9999.000,9999.000,9999.000,9999.000,9999.000
202604271500,   0.018,   0.951,   0.700,   0.233,   0.951,   0.700,   0.951,   0.700,   0.951
202604271506,  -0.006,   0.918,9999.000,9999.000,9999.000,9999.000,9999.000,9999.000,9999.000
202604271512,  -0.027,   0.888,9999.000,9999.000,9999.000,9999.000,9999.000,9999.000,9999.000
202604271518,  -0.044,   0.879,9999.000,9999.000,9999.000,9999.000,9999.000,9999.000,9999.000
202604271524,  -0.059,   0.869,9999.000,9999.000,9999.000,9999.000,9999.000,9999.000,9999.000
202604271530,  -0.069,   0.859,9999.000,9999.000,9999.000,9999.000,9999.000,9999.000,9999.000
202604271536,  -0.076,   0.839,9999.000,9999.000,9999.000,9999.000,9999.000,9999.000,9999.000
202604271542,  -0.080,   0.829,9999.000,9999.000,9999.000,9999.000,9999.000,9999.000,9999.000
202604271548,  -0.079,   0.819,9999.000,9999.000,9999.000,9999.000,9999.000,9999.000,9999.000
202604271554,  -0.075,   0.819,9999.000,9999.000,9999.000,9999.000,9999.000,9999.000,9999.000
202604271600,  -0.067,   0.819,   0.700,   0.186,   0.819,   0.700,   0.819,   0.700,   0.819
202604271606,  -0.055,   0.819,9999.000,9999.000,9999.000,9999.000,9999.000,9999.000,9999.000
202604271612,  -0.040,   0.810,9999.000,9999.000,9999.000,9999.000,9999.000,9999.000,9999.000
202604271618,  -0.022,   0.810,9999.000,9999.000,9999.000,9999.000,9999.000,9999.000,9999.000
202604271624,   0.000,   0.790,9999.000,9999.000,9999.000,9999.000,9999.000,9999.000,9999.000
202604271630,   0.024,   0.800,9999.000,9999.000,9999.000,9999.000,9999.000,9999.000,9999.000
202604271636,   0.052,   0.800,9999.000,9999.000,9999.000,9999.000,9999.000,9999.000,9999.000
202604271642,   0.082,   0.810,9999.000,9999.000,9999.000,9999.000,9999.000,9999.000,9999.000
202604271648,   0.116,   0.829,9999.000,9999.000,9999.000,9999.000,9999.000,9999.000,9999.000
202604271654,   0.152,   0.859,9999.000,9999.000,9999.000,9999.000,9999.000,9999.000,9999.000
202604271700,   0.190,   0.898,   0.700,   0.008,   0.898,   0.700,   0.898,   0.700,   0.898
202604271706,   0.230,   0.918,9999.000,9999.000,9999.000,9999.000,9999.000,9999.000,9999.000
202604271712,   0.273,   0.928,9999.000,9999.000,9999.000,9999.000,9999.000,9999.000,9999.000
202604271718,   0.317,   0.951,9999.000,9999.000,9999.000,9999.000,9999.000,9999.000,9999.000
202604271724,   0.363,   1.010,9999.000,9999.000,9999.000,9999.000,9999.000,9999.000,9999.000
202604271730,   0.410,   1.069,9999.000,9999.000,9999.000,9999.000,9999.000,9999.000,9999.000
202604271736,   0.459,   1.118,9999.000,9999.000,9999.000,9999.000,9999.000,9999.000,9999.000
202604271742,   0.510,   1.170,9999.000,9999.000,9999.000,9999.000,9999.000,9999.000,9999.000
202604271748,   0.561,   1.229,9999.000,9999.000,9999.000,9999.000,9999.000,9999.000,9999.000
202604271754,   0.613,   1.289,9999.000,9999.000,9999.000,9999.000,9999.000,9999.000,9999.000
202604271800,   0.667,   1.348,   0.700,  -0.019,   1.348,   0.700,   1.348,   0.800,   1.448
202604271806,   0.721,   1.410,9999.000,9999.000,9999.000,9999.000,9999.000,9999.000,9999.000
202604271812,   0.776,   1.459,9999.000,9999.000,9999.000,9999.000,9999.000,9999.000,9999.000
202604271818,   0.833,   1.508,9999.000,9999.000,9999.000,9999.000,9999.000,9999.000,9999.000
202604271824,   0.889,   1.548,9999.000,9999.000,9999.000,9999.000,9999.000,9999.000,9999.000
202604271830,   0.947,   1.600,9999.000,9999.000,9999.000,9999.000,9999.000,9999.000,9999.000
202604271836,   1.005,   1.649,9999.000,9999.000,9999.000,9999.000,9999.000,9999.000,9999.000
202604271842,   1.064,   1.679,9999.000,9999.000,9999.000,9999.000,9999.000,9999.000,9999.000
202604271848,   1.123,   1.708,9999.000,9999.000,9999.000,9999.000,9999.000,9999.000,9999.000
202604271854,   1.183,   1.728,9999.000,9999.000,9999.000,9999.000,9999.000,9999.000,9999.000
202604271900,   1.244,   1.767,   0.700,  -0.177,   1.767,   0.700,   1.767,   0.800,   1.867
202604271906,   1.304,   1.840,9999.000,9999.000,9999.000,9999.000,9999.000,9999.000,9999.000
202604271912,   1.365,   1.899,9999.000,9999.000,9999.000,9999.000,9999.000,9999.000,9999.000
202604271918,   1.425,   1.948,9999.000,9999.000,9999.000,9999.000,9999.000,9999.000,9999.000
202604271924,   1.486,   1.990,9999.000,9999.000,9999.000,9999.000,9999.000,9999.000,9999.000
202604271930,   1.546,   2.069,9999.000,9999.000,9999.000,9999.000,9999.000,9999.000,9999.000
202604271936,   1.606,   2.148,9999.000,9999.000,9999.000,9999.000,9999.000,9999.000,9999.000
202604271942,   1.666,   2.220,9999.000,9999.000,9999.000,9999.000,9999.000,9999.000,9999.000
202604271948,   1.724,   2.269,9999.000,9999.000,9999.000,9999.000,9999.000,9999.000,9999.000
202604271954,   1.781,   2.318,9999.000,9999.000,9999.000,9999.000,9999.000,9999.000,9999.000
202604272000,   1.838,   2.358,   0.700,  -0.180,   2.358,   0.700,   2.358,   0.800,   2.458
202604272006,   1.892,   2.368,9999.000,9999.000,9999.000,9999.000,9999.000,9999.000,9999.000
202604272012,   1.945,   2.400,9999.000,9999.000,9999.000,9999.000,9999.000,9999.000,9999.000
202604272018,   1.996,   2.430,9999.000,9999.000,9999.000,9999.000,9999.000,9999.000,9999.000
202604272024,   2.045,   2.479,9999.000,9999.000,9999.000,9999.000,9999.000,9999.000,9999.000
202604272030,   2.091,   2.538,9999.000,9999.000,9999.000,9999.000,9999.000,9999.000,9999.000
202604272036,   2.135,   2.587,9999.000,9999.000,9999.000,9999.000,9999.000,9999.000,9999.000
202604272042,   2.175,   2.630,9999.000,9999.000,9999.000,9999.000,9999.000,9999.000,9999.000
202604272048,   2.213,   2.650,9999.000,9999.000,9999.000,9999.000,9999.000,9999.000,9999.000
202604272054,   2.248,   2.669,9999.000,9999.000,9999.000,9999.000,9999.000,9999.000,9999.000
202604272100,   2.279,   2.679,   0.800,  -0.400,   2.679,   0.700,   2.579,   0.800,   2.679
202604272106,   2.306,   2.699,9999.000,9999.000,9999.000,9999.000,9999.000,9999.000,9999.000
202604272112,   2.330,   2.728,9999.000,9999.000,9999.000,9999.000,9999.000,9999.000,9999.000
202604272118,   2.351,   2.768,9999.000,9999.000,9999.000,9999.000,9999.000,9999.000,9999.000
202604272124,   2.367,   2.778,9999.000,9999.000,9999.000,9999.000,9999.000,9999.000,9999.000
202604272130,   2.380,   2.787,9999.000,9999.000,9999.000,9999.000,9999.000,9999.000,9999.000
202604272136,   2.389,   2.787,9999.000,9999.000,9999.000,9999.000,9999.000,9999.000,9999.000
202604272142,   2.394,   2.820,9999.000,9999.000,9999.000,9999.000,9999.000,9999.000,9999.000
202604272148,   2.395,   2.807,9999.000,9999.000,9999.000,9999.000,9999.000,9999.000,9999.000
202604272154,   2.392,   2.797,9999.000,9999.000,9999.000,9999.000,9999.000,9999.000,9999.000
202604272200,   2.386,   2.778,   0.800,  -0.408,   2.778,   0.700,   2.678,   0.800,   2.778
202604272206,   2.377,   2.768,9999.000,9999.000,9999.000,9999.000,9999.000,9999.000,9999.000
202604272212,   2.364,   2.768,9999.000,9999.000,9999.000,9999.000,9999.000,9999.000,9999.000
202604272218,   2.347,   2.768,9999.000,9999.000,9999.000,9999.000,9999.000,9999.000,9999.000
202604272224,   2.328,   2.768,9999.000,9999.000,9999.000,9999.000,9999.000,9999.000,9999.000
202604272230,   2.305,   2.758,9999.000,9999.000,9999.000,9999.000,9999.000,9999.000,9999.000
202604272236,   2.280,   2.748,9999.000,9999.000,9999.000,9999.000,9999.000,9999.000,9999.000
202604272242,   2.252,   2.738,9999.000,9999.000,9999.000,9999.000,9999.000,9999.000,9999.000
202604272248,   2.222,   2.719,9999.000,9999.000,9999.000,9999.000,9999.000,9999.000,9999.000
202604272254,   2.189,   2.689,9999.000,9999.000,9999.000,9999.000,9999.000,9999.000,9999.000
202604272300,   2.154,   2.640,   0.800,  -0.314,   2.640,   0.700,   2.540,   0.800,   2.640
202604272306,   2.117,   2.610,9999.000,9999.000,9999.000,9999.000,9999.000,9999.000,9999.000
202604272312,   2.078,   2.587,9999.000,9999.000,9999.000,9999.000,9999.000,9999.000,9999.000
202604272318,   2.037,   2.558,9999.000,9999.000,9999.000,9999.000,9999.000,9999.000,9999.000
202604272324,   1.995,   2.519,9999.000,9999.000,9999.000,9999.000,9999.000,9999.000,9999.000
202604272330,   1.952,   2.489,9999.000,9999.000,9999.000,9999.000,9999.000,9999.000,9999.000
202604272336,   1.907,   2.459,9999.000,9999.000,9999.000,9999.000,9999.000,9999.000,9999.000
202604272342,   1.862,   2.430,9999.000,9999.000,9999.000,9999.000,9999.000,9999.000,9999.000
202604272348,   1.815,   2.400,9999.000,9999.000,9999.000,9999.000,9999.000,9999.000,9999.000
202604272354,   1.767,   2.368,9999.000,9999.000,9999.000,9999.000,9999.000,9999.000,9999.000
202604280000,   1.719,   2.318,   0.700,  -0.101,   2.318,   0.600,   2.218,   0.700,   2.318
202604280006,   1.670,   2.279,9999.000,9999.000,9999.000,9999.000,9999.000,9999.000,9999.000
202604280012,   1.620,   2.230,9999.000,9999.000,9999.000,9999.000,9999.000,9999.000,9999.000
202604280018,   1.569,   2.168,9999.000,9999.000,9999.000,9999.000,9999.000,9999.000,9999.000
202604280024,   1.519,   2.109,9999.000,9999.000,9999.000,9999.000,9999.000,9999.000,9999.000
202604280030,   1.467,   2.069,9999.000,9999.000,9999.000,9999.000,9999.000,9999.000,9999.000
202604280036,   1.416,   2.049,9999.000,9999.000,9999.000,9999.000,9999.000,9999.000,9999.000
202604280042,   1.364,   2.000,9999.000,9999.000,9999.000,9999.000,9999.000,9999.000,9999.000
202604280048,   1.312,   1.958,9999.000,9999.000,9999.000,9999.000,9999.000,9999.000,9999.000
202604280054,   1.259,   1.908,9999.000,9999.000,9999.000,9999.000,9999.000,9999.000,9999.000
202604280100,   1.206,   1.869,   0.700,  -0.037,   1.869,   0.600,   1.769,   0.700,   1.869
202604280106,   1.154,   1.820,9999.000,9999.000,9999.000,9999.000,9999.000,9999.000,9999.000
202604280112,   1.101,   1.767,9999.000,9999.000,9999.000,9999.000,9999.000,9999.000,9999.000
202604280118,   1.048,   1.718,9999.000,9999.000,9999.000,9999.000,9999.000,9999.000,9999.000
202604280124,   0.995,   1.679,9999.000,9999.000,9999.000,9999.000,9999.000,9999.000,9999.000
202604280130,   0.942,   1.639,9999.000,9999.000,9999.000,9999.000,9999.000,9999.000,9999.000
202604280136,   0.890,   1.600,9999.000,9999.000,9999.000,9999.000,9999.000,9999.000,9999.000
202604280142,   0.837,   1.571,9999.000,9999.000,9999.000,9999.000,9999.000,9999.000,9999.000
202604280148,   0.785,   1.538,9999.000,9999.000,9999.000,9999.000,9999.000,9999.000,9999.000
202604280154,   0.734,   1.508,9999.000,9999.000,9999.000,9999.000,9999.000,9999.000,9999.000
202604280200,   0.683,   1.469,   0.700,   0.086,   1.469,   0.600,   1.369,   0.700,   1.469
202604280206,   0.633,   1.439,9999.000,9999.000,9999.000,9999.000,9999.000,9999.000,9999.000
202604280212,   0.584,   1.410,9999.000,9999.000,9999.000,9999.000,9999.000,9999.000,9999.000
202604280218,   0.536,   1.380,9999.000,9999.000,9999.000,9999.000,9999.000,9999.000,9999.000
202604280224,   0.488,   1.348,9999.000,9999.000,9999.000,9999.000,9999.000,9999.000,9999.000
202604280230,   0.443,   1.338,9999.000,9999.000,9999.000,9999.000,9999.000,9999.000,9999.000
202604280236,   0.399,   1.308,9999.000,9999.000,9999.000,9999.000,9999.000,9999.000,9999.000
202604280242,   0.356,   1.259,9999.000,9999.000,9999.000,9999.000,9999.000,9999.000,9999.000
202604280248,   0.316,   1.239,9999.000,9999.000,9999.000,9999.000,9999.000,9999.000,9999.000
202604280254,   0.278,   1.200,9999.000,9999.000,9999.000,9999.000,9999.000,9999.000,9999.000
202604280300,   0.242,   1.161,   0.700,   0.219,   1.161,   0.600,   1.061,   0.700,   1.161
202604280306,   0.208,   1.118,9999.000,9999.000,9999.000,9999.000,9999.000,9999.000,9999.000
202604280312,   0.177,   1.098,9999.000,9999.000,9999.000,9999.000,9999.000,9999.000,9999.000
202604280318,   0.149,   1.079,9999.000,9999.000,9999.000,9999.000,9999.000,9999.000,9999.000
202604280324,   0.124,   1.049,9999.000,9999.000,9999.000,9999.000,9999.000,9999.000,9999.000
202604280330,   0.102,   1.029,9999.000,9999.000,9999.000,9999.000,9999.000,9999.000,9999.000
202604280336,   0.084,   1.020,9999.000,9999.000,9999.000,9999.000,9999.000,9999.000,9999.000
202604280342,   0.068,   1.010,9999.000,9999.000,9999.000,9999.000,9999.000,9999.000,9999.000
202604280348,   0.057,   1.000,9999.000,9999.000,9999.000,9999.000,9999.000,9999.000,9999.000
202604280354,   0.048,   0.980,9999.000,9999.000,9999.000,9999.000,9999.000,9999.000,9999.000
202604280400,   0.044,   0.980,   0.700,   0.236,   0.980,   0.600,   0.880,   0.700,   0.980
202604280406,   0.043,   0.980,9999.000,9999.000,9999.000,9999.000,9999.000,9999.000,9999.000
202604280412,   0.045,   0.980,9999.000,9999.000,9999.000,9999.000,9999.000,9999.000,9999.000
202604280418,   0.051,   0.980,9999.000,9999.000,9999.000,9999.000,9999.000,9999.000,9999.000
202604280424,   0.061,   0.990,9999.000,9999.000,9999.000,9999.000,9999.000,9999.000,9999.000
202604280430,   0.074,   0.980,9999.000,9999.000,9999.000,9999.000,9999.000,9999.000,9999.000
202604280436,   0.090,   0.980,9999.000,9999.000,9999.000,9999.000,9999.000,9999.000,9999.000
202604280442,   0.110,   0.970,9999.000,9999.000,9999.000,9999.000,9999.000,9999.000,9999.000
202604280448,   0.132,   0.980,9999.000,9999.000,9999.000,9999.000,9999.000,9999.000,9999.000
202604280454,   0.158,   1.010,9999.000,9999.000,9999.000,9999.000,9999.000,9999.000,9999.000
202604280500,   0.186,   1.039,   0.700,   0.153,   1.039,   0.600,   0.939,   0.700,   1.039
202604280506,   0.217,   1.069,9999.000,9999.000,9999.000,9999.000,9999.000,9999.000,9999.000
202604280512,   0.250,   1.079,9999.000,9999.000,9999.000,9999.000,9999.000,9999.000,9999.000
202604280518,   0.286,   1.079,9999.000,9999.000,9999.000,9999.000,9999.000,9999.000,9999.000
202604280524,   0.324,   1.088,9999.000,9999.000,9999.000,9999.000,9999.000,9999.000,9999.000
202604280530,   0.363,   1.108,9999.000,9999.000,9999.000,9999.000,9999.000,9999.000,9999.000
202604280536,   0.404,   1.138,9999.000,9999.000,9999.000,9999.000,9999.000,9999.000,9999.000
202604280542,   0.447,   1.170,9999.000,9999.000,9999.000,9999.000,9999.000,9999.000,9999.000
202604280548,   0.491,   1.220,9999.000,9999.000,9999.000,9999.000,9999.000,9999.000,9999.000
202604280554,   0.536,   1.259,9999.000,9999.000,9999.000,9999.000,9999.000,9999.000,9999.000
202604280600,   0.582,   1.308,   0.600,   0.126,   1.308,   0.600,   1.308,   0.700,   1.408
202604280606,   0.630,   1.380,9999.000,9999.000,9999.000,9999.000,9999.000,9999.000,9999.000
202604280612,   0.678,   1.410,9999.000,9999.000,9999.000,9999.000,9999.000,9999.000,9999.000
202604280618,   0.727,   1.439,9999.000,9999.000,9999.000,9999.000,9999.000,9999.000,9999.000
202604280624,   0.777,   1.489,9999.000,9999.000,9999.000,9999.000,9999.000,9999.000,9999.000
202604280630,   0.828,   1.538,9999.000,9999.000,9999.000,9999.000,9999.000,9999.000,9999.000
202604280636,   0.879,   1.600,9999.000,9999.000,9999.000,9999.000,9999.000,9999.000,9999.000
202604280642,   0.931,   1.659,9999.000,9999.000,9999.000,9999.000,9999.000,9999.000,9999.000
202604280648,   0.983,   1.728,9999.000,9999.000,9999.000,9999.000,9999.000,9999.000,9999.000
